283.396596
226.906128
211.010638
191.125934
181.311231
178.786137
179.631112
176.193473
175.375009
166.262886
160.012676
159.817750
157.353388
156.438927
156.892285
156.820981
156.906578
157.239907
156.640368
156.269910
156.039824
156.247519
156.551001
156.774405
158.643256
156.869770
157.456990
157.148253
157.587628
157.389711
155.922123
156.774322
156.721900
157.003855
157.320025
156.309598
156.294066
156.955436
157.164768
156.864943
157.254126
156.402754
157.290325
157.870924
156.171480
157.547697
156.222524
156.431447
156.236383
156.654780
156.789172
155.401776
157.553329
157.357053
155.859429
155.401848
157.691833
156.183482
157.723758
155.638377
155.081975
156.572989
156.339565
155.709744
156.211822
155.985643
158.016233
157.561628
155.378679
155.921210
158.058687
155.766628
155.854641
156.393953
155.524918
157.689740
155.886172
155.123012
155.476336
156.241388
154.856386
154.501456
155.711078
155.552895
155.098855
156.067718
157.286041
154.522176
154.626137
154.243141
156.746432
155.533365
155.666003
154.670644
155.453944
158.785491
154.556648
155.348740
155.423200
154.552868
